
# color_num <- 200
# # col_vector <- unname(distinctColorPalette(color_num))
# col_vector


infectedcolours <- c("#00a232",
             "#2c4bf4",
             "#4c9b00",
             "#ed55ff",
             "#00c35f",
             "#7e00b1",
             "#a0b51f",
             "#004fdf",
             "#a69800",
             "#cf5bff",
             "#227600",
             "#b400b4",
             "#406800",
             "#ac6aff",
             "#c28500",
             "#012da7",
             "#df4c00",
             "#5575ff",
             "#be2b00",
             "#2cb7ec",
             "#ff6246",
             "#018cde",
             "#ff4b56",
             "#009874",
             "#ee0098",
             "#005228",
             "#ff64d4",
             "#644c00",
             "#b5009c",
             "#d5a165",
             "#272274",
             "#ff7b83",
             "#0060bb",
             "#6f0300",
             "#63abff",
             "#940025",
             "#5b89bb",
             "#da006f",
             "#482a00",
             "#f682da",
             "#780018",
             "#afa2e6",
             "#ad0038",
             "#54006b",
             "#e492bc",
             "#401e5e",
             "#b3779c",
             "#491d4c",
             "#980054",
             "#5a1037",
             "#980054",
             "#5a1037")

deadcolours <- c("#708983",
                 "#ba71ea",
                 "#94eb7c",
                 "#a77ae9",
                 "#d1e663",
                 "#7e84ed",
                 "#e7d04d",
                 "#468eea",
                 "#ddad34",
                 "#b56dd1",
                 "#48a236",
                 "#ce61bf",
                 "#59e591",
                 "#e85aa9",
                 "#35f4b5",
                 "#ef4b81",
                 "#49edc9",
                 "#ee5462",
                 "#3cf5f6",
                 "#de5938",
                 "#3edbd8",
                 "#f56d4a",
                 "#4bd8ef",
                 "#e17138",
                 "#48a5e8",
                 "#ee983a",
                 "#4f8ed0",
                 "#a6a523",
                 "#d188ed",
                 "#7fc552",
                 "#ee83dd",
                 "#72c973",
                 "#bd77c6",
                 "#a4c04b",
                 "#aa91df",
                 "#d3ee80",
                 "#cd71b5",
                 "#76e6a9",
                 "#e56090",
                 "#35a96a",
                 "#e272aa",
                 "#669f46",
                 "#dfa3f0",
                 "#819a36",
                 "#7f8fd9",
                 "#c8811d",
                 "#53c6ef",
                 "#cd7325",
                 "#49a5d0",
                 "#df714c",
                 "#34c2a5",
                 "#f4716d",
                 "#80e9d0",
                 "#d76656",
                 "#91edf0",
                 "#da656f",
                 "#b6f2a0",
                 "#c3739c",
                 "#5f9f5a",
                 "#eba7e2",
                 "#c5bc54",
                 "#86b2ec",
                 "#ad8b23",
                 "#6395c5",
                 "#e88b4f",
                 "#3ea9be",
                 "#f88f6c",
                 "#64c8c5",
                 "#c9744e",
                 "#85d2e1",
                 "#bf8535",
                 "#5f86b7",
                 "#ebe18a",
                 "#5f86b7",
                 "#9a9433",
                 "#a680b8",
                 "#b6d37f",
                 "#ed83a3",
                 "#69c89d",
                 "#cc777b",
                 "#379a80",
                 "#ed938f",
                 "#379b9e",
                 "#e5a65f",
                 "#5f86b7",
                 "#f4c87c",
                 "#5f86b7",
                 "#d6b965",
                 "#5f86b7",
                 "#d7eea3",
                 "#5f86b7",
                 "#95c172",
                 "#e89fc1",
                 "#76b27f",
                 "#c4b7ea",
                 "#978b42",
                 "#5f86b7",
                 "#bd8047",
                 "#5f86b7",
                 "#b7ad68",
                 "#5f86b7",
                 "#e6ebb5",
                 "#5f86b7",
                 "#c59860",
                 "#5f86b7",
                 "#e69976",
                 "#5f86b7",
                 "#b27f56",
                 "#5f86b7",
                 "#a0e3b7",
                 "#bb8091",
                 "#5eaf93",
                 "#ac85a3",
                 "#70925e",
                 "#5f86b7",
                 "#92945b",
                 "#5f86b7",
                 "#e9ba97",
                 "#5f86b7",
                 "#97b47d",
                 "#5f86b7",
                 "#cec296",
                 "#5f86b7",
                 "#9e8c5d",
                 "#5f86b7",
                 "#f5e3ce",
                 "#5f86b7",
                 "#bfdcb9",
                 "#5f86b7",
                 "#cff4e5",
                 "#5f86b7",
                 "#dea49a",
                 "#5f86b7",
                 "#868e67",
                 "#5f86b7",
                 "#b58471",
                 "#9ecaf0",
                 "#6a9378",
                 "#ddb3c9",
                 "#669b90",
                 "#e3cede",
                 "#5f86b7",
                 "#9da989",
                 "#5f86b7",
                 "#d8c3b4",
                 "#5f86b7",
                 "#a1d8cd",
                 "#5f86b7",
                 "#89b8a2",
                 "#8b8dbc",
                 "#7f8f78",
                 "#5f86b7",
                 "#a19680",
                 "#5f86b7",
                 "#a7beb4",
                 "#5f86b7",
                 "#c0dbe6",
                 "#5f86b7",
                 "#bea2a2",
                 "#5f86b7",
                 "#9f8482",
                 "#5f86b7",
                 "#839c97",
                 "#5f86b7",
                 "#6ba0a8",
                 "#5f86b7",
                 "#a2b7c9",
                 "#5f86b7",
                 "#9b94a9",
                 "#5f86b7",
                 "#699eba",
                 "#5f86b7",
                 "#7c8fac",
                 "#5f86b7",
                 "#5f86b7",
                 "#5f86b7",
                 "#5f86b7",
                 "#5f86b7",
                 "#5f86b7",
                 "#5f86b7",
                 "#5f86b7")

